0.311614730878 0.332644628099 0.725045372051 0.304054054054 0.405559515324 0.418793639236 0.107828655835
0.469310670444 0.512396694215 0.673321234120 0.493806306306 0.554526015681 0.546997100469 0.653865091088
0.783758262512 0.789256198347 0.841197822142 0.747747747748 0.811831789024 0.373675382595 0.712456917774
0.199244570349 0.206611570248 0.719600725953 0.159909909910 0.328581610834 1.000000000000 0.236829148203
0.808309726157 0.834710743802 0.734119782214 0.757882882883 0.844618674269 0.301512176728 0.820285573609
0.907459867800 0.925619834711 0.737749546279 0.780405405405 0.879543834640 0.573131883135 0.821270310192
0.524079320113 0.533057851240 0.864791288566 0.427364864865 0.664290805417 0.076701036290 0.322993599212
0.070821529745 0.095041322314 0.467332123412 0.086711711712 0.156094084105 0.335708434644 0.238306253077
0.060434372049 0.097107438017 0.390199637024 0.135698198198 0.117605131860 0.462871705522 0.238306253077
0.117091595845 0.169421487603 0.376588021779 0.204954954955 0.149679258731 0.575992406610 0.387986213688
0.322946175637 0.388429752066 0.493647912886 0.399774774775 0.376336421953 0.188781547023 0.301821762678
0.755429650614 0.752066115702 0.893829401089 0.640765765766 0.876692801140 0.680791584860 0.668636139833
0.330500472144 0.413223140496 0.406533575318 0.460585585586 0.396293656450 0.410212068809 0.384047267356
0.348441926346 0.363636363636 0.783121597096 0.280405405405 0.476122594440 0.769727860198 0.237321516494
0.196411709160 0.188016528926 0.813067150635 0.047860360360 0.359942979330 0.199573521955 0.111275233875
0.405099150142 0.446280991736 0.662431941924 0.368806306306 0.501069137562 0.032883017592 0.215164943378
0.316336166195 0.363636363636 0.587114337568 0.386261261261 0.370634354954 0.176689334148 0.242737567701
0.776203966006 0.801652892562 0.748638838475 0.773085585586 0.757662152530 0.321405817265 0.755292959133
0.362606232295 0.411157024793 0.607985480944 0.386261261261 0.457590876693 0.417363377498 0.307730182176
0.060434372049 0.045454545455 0.688747731397 0.001689189189 0.177476835353 0.195542784330 0.090595765633
0.018885741265 0.107438016529 0.023593466425 0.235360360360 0.012829650748 0.610708759703 0.332348596750
0.058545797923 0.148760330579 0.078039927405 0.213963963964 0.040627227370 0.702635582312 0.372230428360
0.532577903683 0.572314049587 0.697822141561 0.547860360360 0.600142551675 0.390578475861 0.690792712949
0.071765816808 0.146694214876 0.190562613430 0.155968468468 0.027084818247 0.464431991054 0.301821762678
0.151085930123 0.196280991736 0.451905626134 0.192004504505 0.198859586600 0.532044364119 0.314623338257
0.452313503305 0.464876033058 0.824863883848 0.325450450450 0.595153243051 0.368604454615 0.452978828163
0.021718602455 0.086776859504 0.158802177858 0.158220720721 0.000000000000 0.531524268941 0.280649926145
0.353163361662 0.386363636364 0.680580762250 0.340653153153 0.405559515324 0.333237982551 0.347119645495
0.365439093484 0.400826446281 0.668784029038 0.275337837838 0.532430506058 0.264845466720 0.258493353028
0.056657223796 0.132231404959 0.156079854809 0.197635135135 0.032074126871 0.656347111521 0.344657804037
0.419263456091 0.487603305785 0.523593466425 0.452139639640 0.414825374198 0.151854789426 0.452978828163
0.063267233239 0.123966942149 0.248638838475 0.161599099099 0.057020669993 0.594195737820 0.282127031019
0.206798866856 0.239669421488 0.576225045372 0.204391891892 0.282252316465 0.053426777100 0.129492860660
0.216241737488 0.225206611570 0.724137931034 0.135135135135 0.348538845331 0.206334759261 0.043328409650
0.147308781870 0.214876033058 0.328493647913 0.291666666667 0.147540983607 0.373545358801 0.403249630724
0.091595845137 0.185950413223 0.106170598911 0.261261261261 0.037776193870 0.428675447607 0.326440177253
0.403210576015 0.466942148760 0.539927404719 0.438626126126 0.447612259444 0.177339453120 0.409650418513
0.807365439093 0.867768595041 0.581669691470 0.765765765766 0.789023521026 0.769337788815 0.755292959133
0.161473087819 0.192148760331 0.547186932849 0.193693693694 0.245188880969 0.633462923715 0.267848350566
0.332389046270 0.365702479339 0.670598911071 0.361486486486 0.421240199572 0.258604324591 0.255539143279
0.185080264400 0.239669421488 0.432849364791 0.244369369369 0.240912330720 0.475093942191 0.323485967504
0.242681775260 0.235537190083 0.842105263158 0.134572072072 0.406985032074 0.220507352846 0.129985228951
0.184135977337 0.260330578512 0.312159709619 0.310810810811 0.177476835353 0.301252129140 0.478581979321
0.137865911237 0.206611570248 0.303992740472 0.207207207207 0.154668567356 0.549077481179 0.259478089611
0.140698772427 0.169421487603 0.529038112523 0.112612612613 0.218104062723 0.084502463951 0.217626784835
0.030217186025 0.080578512397 0.264065335753 0.106418918919 0.032074126871 0.443888231546 0.215164943378
0.019830028329 0.033057851240 0.461887477314 0.046171171171 0.136136849608 0.521122365393 0.267848350566
1.000000000000 0.991735537190 0.823956442831 0.942567567568 1.000000000000 0.652056326308 0.842934515017
0.090651558074 0.142561983471 0.339382940109 0.150900900901 0.153243050606 0.773628574029 0.215164943378
0.811142587347 0.871900826446 0.577132486388 0.827702702703 0.749109052031 0.337008672587 0.841949778434
0.134088762984 0.229338842975 0.152450090744 0.284909909910 0.104062722737 0.809645165065 0.369768586903
0.321057601511 0.293388429752 1.000000000000 0.123873873874 0.536707056308 0.581063334590 0.129000492368
0.790368271955 0.783057851240 0.903811252269 0.648648648649 0.903064861012 0.464041919671 0.606105366814
0.032105760151 0.080578512397 0.280399274047 0.082770270270 0.062009978617 0.602387236864 0.258985721320
0.740321057602 0.735537190083 0.903811252269 0.608671171171 0.813257305773 0.288509797293 0.682422451994
0.201133144476 0.239669421488 0.549001814882 0.184121621622 0.298645759088 0.433876399381 0.194485475135
0.207743153919 0.231404958678 0.639745916515 0.182995495495 0.302209550962 0.613439259384 0.216149679961
0.742209631728 0.766528925620 0.762250453721 0.680180180180 0.811831789024 0.191121975321 0.627769571640
0.077431539188 0.111570247934 0.434664246824 0.107545045045 0.103349964362 0.545046743554 0.150664697194
0.751652502361 0.787190082645 0.711433756806 0.706081081081 0.744119743407 0.126500149527 0.677006400788
0.789423984891 0.828512396694 0.678765880218 0.759572072072 0.801853171775 0.338438934325 0.802067946824
0.040604343720 0.121900826446 0.098003629764 0.239864864865 0.050605844619 0.776229049916 0.317085179714
0.143531633617 0.177685950413 0.506352087114 0.189752252252 0.245901639344 0.437777113212 0.242737567701
0.499527856468 0.514462809917 0.823049001815 0.404842342342 0.625089094797 0.000000000000 0.281634662728
0.078375826251 0.092975206612 0.546279491833 0.061373873874 0.156806842480 0.251583039696 0.043328409650
0.061378659112 0.121900826446 0.252268602541 0.107545045045 0.060584461867 0.358332574861 0.280157557853
0.549575070822 0.586776859504 0.712341197822 0.461148648649 0.637918745545 0.448829135732 0.541112752339
0.657223796034 0.671487603306 0.825771324864 0.502252252252 0.755523877406 0.598226475445 0.562284588872
0.725212464589 0.760330578512 0.715970961887 0.717342342342 0.727726300784 0.218166924547 0.826193993107
0.417374881964 0.485537190083 0.522686025408 0.501126126126 0.438346400570 0.133391410628 0.237321516494
0.109537299339 0.229338842975 0.000907441016 0.306869369369 0.034212401996 0.469762966623 0.389463318562
0.593012275732 0.669421487603 0.514519056261 0.698198198198 0.593727726301 0.381086738873 0.712949286066
0.168083097262 0.219008264463 0.441016333938 0.171734234234 0.235210263721 0.410082045014 0.237321516494
0.217186024551 0.280991735537 0.417422867514 0.335585585586 0.282252316465 0.704715963021 0.392417528311
0.779981114259 0.776859504132 0.884754990926 0.705518018018 0.838203848895 0.270176442289 0.827671097981
0.664778092540 0.712809917355 0.652450090744 0.638513513514 0.672131147541 0.387717952385 0.694239290990
0.354107648725 0.404958677686 0.585299455535 0.411599099099 0.399144689950 0.071240036927 0.310684391925
0.715769593957 0.795454545455 0.504537205082 0.772522522523 0.628652886671 0.271476680232 0.863613983259
0.440982058546 0.504132231405 0.558076225045 0.458896396396 0.436208125445 0.491216892691 0.391432791728
0.792256846081 0.859504132231 0.549909255898 0.872747747748 0.657163221668 0.179289810035 0.952240275726
0.891406987724 0.927685950413 0.662431941924 0.897522522523 0.874554526016 0.298781677047 0.886755292959
0.301227573182 0.340909090909 0.615245009074 0.326576576577 0.374910905203 0.308273414035 0.173806006893
0.174693106704 0.243801652893 0.345735027223 0.236486486486 0.190306486101 0.540755958340 0.369768586903
0.000000000000 0.000000000000 0.514519056261 0.000000000000 0.111903064861 0.547387171852 0.135401280158
0.324834749764 0.361570247934 0.648820326679 0.303490990991 0.406985032074 0.123769649846 0.237321516494
0.903682719547 0.954545454545 0.593466424682 0.908783783784 0.814682822523 0.148864242156 0.820285573609
0.590179414542 0.673553719008 0.491833030853 0.618806306306 0.608695652174 0.508380033546 0.668636139833
0.135033050047 0.190082644628 0.382940108893 0.253941441441 0.128296507484 0.455850420627 0.388478581979
0.804532577904 0.795454545455 0.907441016334 0.706644144144 0.926585887384 0.282268655164 0.768094534712
0.583569405099 0.663223140496 0.505444646098 0.578828828829 0.575908766928 0.540235863163 0.628261939931
0.118035882908 0.165289256198 0.399274047187 0.155405405405 0.146828225232 0.368344407026 0.258493353028
0.788479697828 0.807851239669 0.781306715064 0.701013513514 0.851746258019 0.278627988922 0.704086656819
0.079320113314 0.148760330579 0.230490018149 0.155968468468 0.063435495367 0.189301642201 0.301821762678
0.397544853636 0.435950413223 0.673321234120 0.426238738739 0.468995010691 0.305152842970 0.388970950271
0.612842304060 0.613636363636 0.905626134301 0.525337837838 0.750534568781 0.284869131051 0.475135401280
0.440982058546 0.502066115702 0.570780399274 0.486486486486 0.486101211689 0.189301642201 0.345150172329
0.203021718602 0.260330578512 0.438294010889 0.279279279279 0.232359230221 0.226098376003 0.172328902019
0.712936732767 0.766528925620 0.627041742287 0.653153153153 0.665003563792 0.371074906708 0.734613490891
0.728045325779 0.719008264463 0.931941923775 0.608108108108 0.801853171775 0.269396299523 0.710487444609
0.526912181303 0.613636363636 0.460072595281 0.485923423423 0.539558089808 0.457800777542 0.582964057115
0.560906515581 0.605371900826 0.673321234120 0.549549549550 0.596578759800 0.619810425308 0.670113244707
0.060434372049 0.084710743802 0.465517241379 0.106981981982 0.136136849608 0.878817823662 0.215657311669
0.842304060434 0.888429752066 0.634301270417 0.826013513514 0.834640057021 0.285649273817 0.820285573609
0.408876298395 0.417355371901 0.839382940109 0.273085585586 0.557377049180 0.049005968092 0.280157557853
0.955618508026 0.995867768595 0.618874773140 0.945945945946 0.843905915895 0.479254703611 0.951255539143
0.570349386213 0.630165289256 0.604355716878 0.649774774775 0.595153243051 0.165767335422 0.668636139833
0.084985835694 0.167355371901 0.165154264973 0.228040540541 0.046329294369 0.601086998921 0.389463318562
0.371104815864 0.452479338843 0.431941923775 0.474099099099 0.344262295082 0.093084034378 0.476612506155
0.246458923513 0.258264462810 0.727767695100 0.189752252252 0.429080541696 0.981666644996 0.264401772526
0.169027384325 0.212809917355 0.479128856624 0.180180180180 0.255880256593 0.612008997647 0.258985721320
0.303116147309 0.336776859504 0.647005444646 0.268581081081 0.374198146828 0.103355914132 0.217626784835
0.387157695940 0.429752066116 0.651542649728 0.373873873874 0.448325017819 0.366784121494 0.344657804037
0.481586402266 0.483471074380 0.886569872958 0.353603603604 0.630078403421 0.108426842112 0.259478089611
0.767705382436 0.811983471074 0.661524500907 0.743243243243 0.751247327156 0.185010856987 0.776957163959
0.528800755430 0.568181818182 0.696914700544 0.525900900901 0.563791874555 0.017930281241 0.387986213688
0.120868744098 0.126033057851 0.647912885662 0.131193693694 0.230220955096 0.368214383232 0.301821762678
0.199244570349 0.268595041322 0.372050816697 0.274211711712 0.200285103350 0.324396364535 0.392417528311
